"Id","SalePrice"
1461,160400.468139975
1462,160998.894797035
1463,160948.919602155
1464,161547.346259215
1465,227369.550898132
1466,161547.346259215
1467,160998.894797035
1468,161547.346259215
1469,189380.783315095
1470,160400.468139975
1471,189380.783315095
1472,160998.894797035
1473,160400.468139975
1474,161547.346259215
1475,188832.331852915
1476,264054.790791088
1477,243061.088832551
1478,265029.723925162
1479,245754.620347766
1480,266199.870844123
1481,243609.540294731
1482,227918.002360313
1483,160998.894797035
1484,188832.331852915
1485,189380.783315095
1486,189380.783315095
1487,243609.540294731
1488,243609.540294731
1489,188832.331852915
1490,163591.620702232
1491,188832.331852915
1492,160400.468139975
1493,164335.219051349
1494,241787.212531143
1495,240821.667502598
1496,192168.656107229
1497,188832.331852915
1498,188832.331852915
1499,188832.331852915
1500,160998.894797035
1501,160998.894797035
1502,188832.331852915
1503,242153.383023639
1504,227918.002360313
1505,192168.656107229
1506,165931.847642203
1507,162512.89128776
1508,161547.346259215
1509,160998.894797035
1510,160400.468139975
1511,160400.468139975
1512,163188.340932109
1513,160998.894797035
1514,164163.274066183
1515,165881.872447324
1516,161547.346259215
1517,161547.346259215
1518,163188.340932109
1519,190876.606295932
1520,160400.468139975
1521,160400.468139975
1522,164335.219051349
1523,160400.468139975
1524,160400.468139975
1525,160400.468139975
1526,160400.468139975
1527,160400.468139975
1528,160998.894797035
1529,160400.468139975
1530,161547.346259215
1531,160948.919602155
1532,160948.919602155
1533,160400.468139975
1534,160998.894797035
1535,160948.919602155
1536,160400.468139975
1537,160948.919602155
1538,227369.550898132
1539,228335.095926677
1540,161366.01316852
1541,160998.894797035
1542,160400.468139975
1543,189380.783315095
1544,160400.468139975
1545,160998.894797035
1546,161547.346259215
1547,160948.919602155
1548,160998.894797035
1549,160400.468139975
1550,160948.919602155
1551,161547.346259215
1552,161914.4646307
1553,160998.894797035
1554,160998.894797035
1555,163736.792394289
1556,160400.468139975
1557,160400.468139975
1558,160998.894797035
1559,160400.468139975
1560,160948.919602155
1561,165333.420985143
1562,160400.468139975
1563,160400.468139975
1564,160948.919602155
1565,160948.919602155
1566,191425.057758112
1567,160400.468139975
1568,161547.346259215
1569,160948.919602155
1570,161547.346259215
1571,160948.919602155
1572,160400.468139975
1573,192168.656107229
1574,160400.468139975
1575,190712.498836137
1576,174451.0114015
1577,188832.331852915
1578,160998.894797035
1579,160400.468139975
1580,189380.783315095
1581,160400.468139975
1582,160400.468139975
1583,245754.620347766
1584,190346.32834364
1585,160998.894797035
1586,160400.468139975
1587,160400.468139975
1588,160400.468139975
1589,160400.468139975
1590,161547.346259215
1591,160400.468139975
1592,160948.919602155
1593,161547.346259215
1594,161366.01316852
1595,160948.919602155
1596,189380.783315095
1597,161366.01316852
1598,188832.331852915
1599,227918.002360313
1600,227918.002360313
1601,160400.468139975
1602,160998.894797035
1603,160400.468139975
1604,230705.875152447
1605,240821.667502598
1606,161547.346259215
1607,165931.847642203
1608,202284.44845738
1609,188832.331852915
1610,160400.468139975
1611,160948.919602155
1612,161732.183661016
1613,160948.919602155
1614,160948.919602155
1615,160400.468139975
1616,160400.468139975
1617,160400.468139975
1618,160400.468139975
1619,160400.468139975
1620,161366.01316852
1621,160400.468139975
1622,160400.468139975
1623,232850.955205481
1624,161547.346259215
1625,160998.894797035
1626,162879.061780257
1627,161547.346259215
1628,241787.212531143
1629,189380.783315095
1630,232850.955205481
1631,229413.82534115
1632,232302.503743301
1633,189380.783315095
1634,161547.346259215
1635,161547.346259215
1636,161547.346259215
1637,160948.919602155
1638,189380.783315095
1639,164335.219051349
1640,193134.201135774
1641,165310.152185423
1642,189380.783315095
1643,227918.002360313
1644,227918.002360313
1645,163736.792394289
1646,161547.346259215
1647,189380.783315095
1648,160400.468139975
1649,160400.468139975
1650,160400.468139975
1651,160400.468139975
1652,160998.894797035
1653,160998.894797035
1654,161547.346259215
1655,189380.783315095
1656,161547.346259215
1657,161547.346259215
1658,161547.346259215
1659,188832.331852915
1660,160948.919602155
1661,266199.870844123
1662,262232.4630275
1663,266199.870844123
1664,266199.870844123
1665,266199.870844123
1666,245754.620347766
1667,244575.085323276
1668,266199.870844123
1669,264054.790791088
1670,266199.870844123
1671,194313.736160263
1672,266199.870844123
1673,241787.212531143
1674,243609.540294731
1675,161547.346259215
1676,161547.346259215
1677,189380.783315095
1678,266199.870844123
1679,245754.620347766
1680,253296.205701838
1681,250407.527299687
1682,244584.473428805
1683,189380.783315095
1684,189380.783315095
1685,161547.346259215
1686,189380.783315095
1687,189380.783315095
1688,189380.783315095
1689,189380.783315095
1690,189380.783315095
1691,189380.783315095
1692,241787.212531143
1693,188832.331852915
1694,161547.346259215
1695,189380.783315095
1696,203249.993485925
1697,189380.783315095
1698,243831.48697416
1699,245754.620347766
1700,189380.783315095
1701,228883.547388858
1702,244036.021966625
1703,243609.540294731
1704,244584.473428805
1705,229249.717881354
1706,266199.870844123
1707,190164.047373956
1708,188832.331852915
1709,264054.790791088
1710,229962.27680333
1711,240821.667502598
1712,232850.955205481
1713,205072.321249513
1714,191620.204645048
1715,188832.331852915
1716,188832.331852915
1717,188832.331852915
1718,160998.894797035
1719,188832.331852915
1720,243061.088832551
1721,188832.331852915
1722,160400.468139975
1723,160400.468139975
1724,203780.271438217
1725,190346.32834364
1726,160998.894797035
1727,160998.894797035
1728,188832.331852915
1729,160998.894797035
1730,161547.346259215
1731,160400.468139975
1732,160400.468139975
1733,160400.468139975
1734,160400.468139975
1735,160400.468139975
1736,160400.468139975
1737,245754.620347766
1738,189380.783315095
1739,203249.993485925
1740,165310.152185423
1741,161547.346259215
1742,160998.894797035
1743,188832.331852915
1744,231680.808286521
1745,193765.284698083
1746,230927.821831875
1747,189380.783315095
1748,162512.89128776
1749,160948.919602155
1750,160998.894797035
1751,189380.783315095
1752,160400.468139975
1753,163188.340932109
1754,189380.783315095
1755,161547.346259215
1756,160948.919602155
1757,160400.468139975
1758,173852.58474444
1759,164711.725528363
1760,160948.919602155
1761,160948.919602155
1762,161914.4646307
1763,164335.219051349
1764,160400.468139975
1765,164761.700723242
1766,163591.620702232
1767,164335.219051349
1768,160400.468139975
1769,189380.783315095
1770,160998.894797035
1771,160400.468139975
1772,160400.468139975
1773,160948.919602155
1774,165333.420985143
1775,160998.894797035
1776,160400.468139975
1777,160400.468139975
1778,160400.468139975
1779,160400.468139975
1780,189380.783315095
1781,160400.468139975
1782,160400.468139975
1783,160400.468139975
1784,160400.468139975
1785,160400.468139975
1786,160948.919602155
1787,188832.331852915
1788,160400.468139975
1789,160400.468139975
1790,160400.468139975
1791,174868.104967864
1792,160998.894797035
1793,161547.346259215
1794,160998.894797035
1795,160998.894797035
1796,161547.346259215
1797,160998.894797035
1798,160400.468139975
1799,160400.468139975
1800,160400.468139975
1801,160400.468139975
1802,160998.894797035
1803,160998.894797035
1804,160400.468139975
1805,161547.346259215
1806,160998.894797035
1807,160998.894797035
1808,160400.468139975
1809,160400.468139975
1810,160948.919602155
1811,160400.468139975
1812,160400.468139975
1813,160400.468139975
1814,160400.468139975
1815,160400.468139975
1816,160400.468139975
1817,160400.468139975
1818,160998.894797035
1819,161547.346259215
1820,160948.919602155
1821,160998.894797035
1822,173902.559939319
1823,160400.468139975
1824,162879.061780257
1825,160948.919602155
1826,160400.468139975
1827,160400.468139975
1828,160948.919602155
1829,173304.13328226
1830,160998.894797035
1831,188832.331852915
1832,161366.01316852
1833,160998.894797035
1834,160998.894797035
1835,188832.331852915
1836,160998.894797035
1837,160400.468139975
1838,160998.894797035
1839,160400.468139975
1840,160400.468139975
1841,160400.468139975
1842,160400.468139975
1843,160948.919602155
1844,161547.346259215
1845,160948.919602155
1846,161547.346259215
1847,165881.872447324
1848,160400.468139975
1849,160400.468139975
1850,160400.468139975
1851,161547.346259215
1852,160948.919602155
1853,160400.468139975
1854,188832.331852915
1855,161547.346259215
1856,189380.783315095
1857,160948.919602155
1858,161366.01316852
1859,163188.340932109
1860,160948.919602155
1861,163188.340932109
1862,203249.993485925
1863,203249.993485925
1864,203249.993485925
1865,264054.790791088
1866,265029.723925162
1867,242865.941945615
1868,232850.955205481
1869,189380.783315095
1870,240273.216040417
1871,243609.540294731
1872,161547.346259215
1873,189380.783315095
1874,160400.468139975
1875,190876.606295932
1876,161547.346259215
1877,190876.606295932
1878,192168.656107229
1879,160400.468139975
1880,160400.468139975
1881,204523.869787333
1882,228883.547388858
1883,188832.331852915
1884,188832.331852915
1885,230705.875152447
1886,232850.955205481
1887,189380.783315095
1888,243609.540294731
1889,161547.346259215
1890,160400.468139975
1891,160998.894797035
1892,160400.468139975
1893,160400.468139975
1894,163188.340932109
1895,163736.792394289
1896,160948.919602155
1897,160948.919602155
1898,161547.346259215
1899,161547.346259215
1900,189380.783315095
1901,160948.919602155
1902,160400.468139975
1903,190346.32834364
1904,160948.919602155
1905,164335.219051349
1906,160948.919602155
1907,166480.299104383
1908,161547.346259215
1909,161547.346259215
1910,161547.346259215
1911,161547.346259215
1912,194313.736160263
1913,160400.468139975
1914,160400.468139975
1915,230705.875152447
1916,160400.468139975
1917,241787.212531143
1918,161547.346259215
1919,161547.346259215
1920,163188.340932109
1921,266199.870844123
1922,263506.339328908
1923,161547.346259215
1924,191425.057758112
1925,188832.331852915
1926,266199.870844123
1927,160400.468139975
1928,160948.919602155
1929,160400.468139975
1930,160998.894797035
1931,160948.919602155
1932,160400.468139975
1933,160948.919602155
1934,161547.346259215
1935,161547.346259215
1936,160998.894797035
1937,161547.346259215
1938,160400.468139975
1939,230705.875152447
1940,227369.550898132
1941,161547.346259215
1942,160998.894797035
1943,227918.002360313
1944,241787.212531143
1945,266199.870844123
1946,163591.620702232
1947,252126.058782878
1948,164335.219051349
1949,192168.656107229
1950,188832.331852915
1951,194313.736160263
1952,194313.736160263
1953,161547.346259215
1954,189380.783315095
1955,160400.468139975
1956,204581.709006966
1957,163591.620702232
1958,241787.212531143
1959,160400.468139975
1960,160400.468139975
1961,160400.468139975
1962,160998.894797035
1963,160998.894797035
1964,160400.468139975
1965,160998.894797035
1966,188832.331852915
1967,243061.088832551
1968,245754.620347766
1969,266199.870844123
1970,266199.870844123
1971,265020.335819633
1972,261266.917998955
1973,241787.212531143
1974,241787.212531143
1975,266199.870844123
1976,243609.540294731
1977,244575.085323276
1978,245754.620347766
1979,266199.870844123
1980,189380.783315095
1981,266199.870844123
1982,227918.002360313
1983,227918.002360313
1984,188832.331852915
1985,204328.722900397
1986,205072.321249513
1987,189380.783315095
1988,161547.346259215
1989,189380.783315095
1990,190346.32834364
1991,189380.783315095
1992,189380.783315095
1993,189380.783315095
1994,190346.32834364
1995,189380.783315095
1996,228883.547388858
1997,264054.790791088
1998,245754.620347766
1999,190346.32834364
2000,241787.212531143
2001,203249.993485925
2002,205072.321249513
2003,240821.667502598
2004,240821.667502598
2005,229962.27680333
2006,227369.550898132
2007,243609.540294731
2008,188832.331852915
2009,160998.894797035
2010,188832.331852915
2011,160998.894797035
2012,188832.331852915
2013,160998.894797035
2014,160998.894797035
2015,188832.331852915
2016,160998.894797035
2017,188832.331852915
2018,160948.919602155
2019,160948.919602155
2020,160400.468139975
2021,160400.468139975
2022,162879.061780257
2023,160948.919602155
2024,162512.89128776
2025,253296.205701838
2026,188832.331852915
2027,160998.894797035
2028,188832.331852915
2029,160998.894797035
2030,251151.125648804
2031,248363.25285667
2032,249694.968377712
2033,251151.125648804
2034,188832.331852915
2035,189380.783315095
2036,227369.550898132
2037,227369.550898132
2038,250407.527299687
2039,227918.002360313
2040,265020.335819633
2041,230705.875152447
2042,189380.783315095
2043,162330.610318076
2044,166480.299104383
2045,192168.656107229
2046,163188.340932109
2047,160400.468139975
2048,160400.468139975
2049,164163.274066183
2050,188832.331852915
2051,160400.468139975
2052,160400.468139975
2053,160400.468139975
2054,160400.468139975
2055,163188.340932109
2056,160948.919602155
2057,160400.468139975
2058,161547.346259215
2059,160948.919602155
2060,161732.183661016
2061,164335.219051349
2062,160400.468139975
2063,160400.468139975
2064,160400.468139975
2065,160400.468139975
2066,166480.299104383
2067,165881.872447324
2068,165333.420985143
2069,160400.468139975
2070,160400.468139975
2071,160400.468139975
2072,173852.58474444
2073,160948.919602155
2074,189380.783315095
2075,160998.894797035
2076,160948.919602155
2077,160400.468139975
2078,160400.468139975
2079,160998.894797035
2080,160998.894797035
2081,160998.894797035
2082,165333.420985143
2083,160400.468139975
2084,160400.468139975
2085,160400.468139975
2086,160998.894797035
2087,160400.468139975
2088,160400.468139975
2089,160400.468139975
2090,160998.894797035
2091,160400.468139975
2092,160400.468139975
2093,160948.919602155
2094,189380.783315095
2095,161547.346259215
2096,160400.468139975
2097,160400.468139975
2098,173852.58474444
2099,160400.468139975
2100,163188.340932109
2101,160400.468139975
2102,188832.331852915
2103,160400.468139975
2104,160400.468139975
2105,160400.468139975
2106,160400.468139975
2107,190346.32834364
2108,160400.468139975
2109,160400.468139975
2110,160948.919602155
2111,188832.331852915
2112,160948.919602155
2113,160400.468139975
2114,160998.894797035
2115,161547.346259215
2116,160948.919602155
2117,160998.894797035
2118,161547.346259215
2119,160998.894797035
2120,160948.919602155
2121,160400.468139975
2122,160400.468139975
2123,160400.468139975
2124,189380.783315095
2125,160400.468139975
2126,160998.894797035
2127,160998.894797035
2128,160998.894797035
2129,160998.894797035
2130,160998.894797035
2131,161547.346259215
2132,160400.468139975
2133,160998.894797035
2134,161547.346259215
2135,160400.468139975
2136,160400.468139975
2137,160400.468139975
2138,160400.468139975
2139,161547.346259215
2140,160400.468139975
2141,161547.346259215
2142,160400.468139975
2143,160400.468139975
2144,160400.468139975
2145,160400.468139975
2146,161547.346259215
2147,164711.725528363
2148,173304.13328226
2149,173304.13328226
2150,192168.656107229
2151,189380.783315095
2152,163736.792394289
2153,163736.792394289
2154,160400.468139975
2155,160998.894797035
2156,162512.89128776
2157,192168.656107229
2158,190346.32834364
2159,189380.783315095
2160,189380.783315095
2161,243609.540294731
2162,266199.870844123
2163,266199.870844123
2164,243609.540294731
2165,164335.219051349
2166,160400.468139975
2167,190712.498836137
2168,160998.894797035
2169,188832.331852915
2170,188832.331852915
2171,160400.468139975
2172,160948.919602155
2173,163188.340932109
2174,189380.783315095
2175,261266.917998955
2176,245754.620347766
2177,190346.32834364
2178,227918.002360313
2179,160998.894797035
2180,178835.512784488
2181,190876.606295932
2182,204523.869787333
2183,188832.331852915
2184,160400.468139975
2185,160400.468139975
2186,161547.346259215
2187,161547.346259215
2188,161547.346259215
2189,165881.872447324
2190,160400.468139975
2191,160400.468139975
2192,160400.468139975
2193,160400.468139975
2194,160400.468139975
2195,160400.468139975
2196,160400.468139975
2197,160400.468139975
2198,190712.498836137
2199,161547.346259215
2200,161547.346259215
2201,160998.894797035
2202,227918.002360313
2203,161547.346259215
2204,160948.919602155
2205,160400.468139975
2206,161547.346259215
2207,227918.002360313
2208,189380.783315095
2209,165881.872447324
2210,161547.346259215
2211,160998.894797035
2212,160998.894797035
2213,160400.468139975
2214,160948.919602155
2215,160400.468139975
2216,160400.468139975
2217,160400.468139975
2218,160400.468139975
2219,160400.468139975
2220,160400.468139975
2221,230705.875152447
2222,192168.656107229
2223,206668.949840368
2224,202284.44845738
2225,160400.468139975
2226,163736.792394289
2227,192168.656107229
2228,243061.088832551
2229,227918.002360313
2230,160400.468139975
2231,201735.996995199
2232,164335.219051349
2233,161547.346259215
2234,229249.717881354
2235,163786.767589168
2236,231680.808286521
2237,245754.620347766
2238,201735.996995199
2239,160400.468139975
2240,160998.894797035
2241,173304.13328226
2242,160400.468139975
2243,160948.919602155
2244,160400.468139975
2245,160948.919602155
2246,160400.468139975
2247,160998.894797035
2248,160400.468139975
2249,160400.468139975
2250,160400.468139975
2251,160400.468139975
2252,164335.219051349
2253,161547.346259215
2254,161547.346259215
2255,161547.346259215
2256,188832.331852915
2257,162512.89128776
2258,188832.331852915
2259,161547.346259215
2260,161547.346259215
2261,227369.550898132
2262,227918.002360313
2263,241787.212531143
2264,266199.870844123
2265,174635.848803301
2266,251151.125648804
2267,232850.955205481
2268,266199.870844123
2269,160998.894797035
2270,189380.783315095
2271,192168.656107229
2272,189380.783315095
2273,160998.894797035
2274,161547.346259215
2275,161547.346259215
2276,189380.783315095
2277,161547.346259215
2278,161732.183661016
2279,160400.468139975
2280,160400.468139975
2281,161547.346259215
2282,161547.346259215
2283,160998.894797035
2284,160998.894797035
2285,188832.331852915
2286,160400.468139975
2287,266199.870844123
2288,244584.473428805
2289,245754.620347766
2290,266199.870844123
2291,241787.212531143
2292,266199.870844123
2293,266199.870844123
2294,265995.268953707
2295,266199.870844123
2296,230705.875152447
2297,241787.212531143
2298,266199.870844123
2299,245550.01845735
2300,241787.212531143
2301,240821.667502598
2302,204523.869787333
2303,231132.35682434
2304,240273.216040417
2305,161547.346259215
2306,161547.346259215
2307,161547.346259215
2308,230705.875152447
2309,251151.125648804
2310,227918.002360313
2311,189380.783315095
2312,160998.894797035
2313,161547.346259215
2314,188832.331852915
2315,161547.346259215
2316,175416.556430045
2317,160998.894797035
2318,160998.894797035
2319,188832.331852915
2320,188832.331852915
2321,243609.540294731
2322,189380.783315095
2323,188832.331852915
2324,189380.783315095
2325,192168.656107229
2326,189380.783315095
2327,190346.32834364
2328,190346.32834364
2329,161547.346259215
2330,161547.346259215
2331,245754.620347766
2332,265020.335819633
2333,241787.212531143
2334,203249.993485925
2335,228883.547388858
2336,241787.212531143
2337,188832.331852915
2338,243609.540294731
2339,230705.875152447
2340,266199.870844123
2341,192168.656107229
2342,230157.423690266
2343,192168.656107229
2344,201735.996995199
2345,240273.216040417
2346,227369.550898132
2347,188832.331852915
2348,227369.550898132
2349,160400.468139975
2350,240821.667502598
2351,230705.875152447
2352,243609.540294731
2353,175416.556430045
2354,160998.894797035
2355,188832.331852915
2356,160400.468139975
2357,190876.606295932
2358,160998.894797035
2359,161547.346259215
2360,160400.468139975
2361,160400.468139975
2362,190346.32834364
2363,160400.468139975
2364,161547.346259215
2365,227918.002360313
2366,227369.550898132
2367,230157.423690266
2368,189380.783315095
2369,230157.423690266
2370,161547.346259215
2371,160998.894797035
2372,188832.331852915
2373,227918.002360313
2374,228883.547388858
2375,230705.875152447
2376,194313.736160263
2377,232850.955205481
2378,160998.894797035
2379,162512.89128776
2380,160998.894797035
2381,160998.894797035
2382,192168.656107229
2383,192168.656107229
2384,189380.783315095
2385,161547.346259215
2386,160998.894797035
2387,160400.468139975
2388,173304.13328226
2389,160948.919602155
2390,160948.919602155
2391,160948.919602155
2392,160400.468139975
2393,189380.783315095
2394,160998.894797035
2395,162512.89128776
2396,161547.346259215
2397,164335.219051349
2398,160400.468139975
2399,160400.468139975
2400,160400.468139975
2401,160400.468139975
2402,160400.468139975
2403,176092.006074393
2404,160948.919602155
2405,161547.346259215
2406,160998.894797035
2407,160400.468139975
2408,160400.468139975
2409,160948.919602155
2410,165310.152185423
2411,160400.468139975
2412,160948.919602155
2413,160400.468139975
2414,160400.468139975
2415,163188.340932109
2416,160998.894797035
2417,160998.894797035
2418,160400.468139975
2419,160400.468139975
2420,160948.919602155
2421,163736.792394289
2422,160400.468139975
2423,160400.468139975
2424,160948.919602155
2425,174269.678310805
2426,160400.468139975
2427,160400.468139975
2428,189380.783315095
2429,160400.468139975
2430,160998.894797035
2431,160948.919602155
2432,160400.468139975
2433,160948.919602155
2434,160400.468139975
2435,160948.919602155
2436,160400.468139975
2437,160400.468139975
2438,160948.919602155
2439,160400.468139975
2440,160998.894797035
2441,160948.919602155
2442,160948.919602155
2443,160948.919602155
2444,160948.919602155
2445,160400.468139975
2446,160400.468139975
2447,227369.550898132
2448,161547.346259215
2449,160400.468139975
2450,160998.894797035
2451,160948.919602155
2452,190346.32834364
2453,160400.468139975
2454,160948.919602155
2455,160948.919602155
2456,160400.468139975
2457,160400.468139975
2458,161547.346259215
2459,160400.468139975
2460,161547.346259215
2461,160400.468139975
2462,160948.919602155
2463,160400.468139975
2464,161964.43982558
2465,160998.894797035
2466,160400.468139975
2467,189380.783315095
2468,160400.468139975
2469,160400.468139975
2470,164335.219051349
2471,189380.783315095
2472,162512.89128776
2473,160400.468139975
2474,160400.468139975
2475,189380.783315095
2476,160400.468139975
2477,160400.468139975
2478,162993.194045173
2479,160400.468139975
2480,160948.919602155
2481,160400.468139975
2482,160400.468139975
2483,160400.468139975
2484,160400.468139975
2485,160400.468139975
2486,160948.919602155
2487,164702.337422834
2488,189380.783315095
2489,161547.346259215
2490,160948.919602155
2491,160400.468139975
2492,164335.219051349
2493,160948.919602155
2494,163736.792394289
2495,160400.468139975
2496,166480.299104383
2497,160998.894797035
2498,160400.468139975
2499,160400.468139975
2500,160400.468139975
2501,160400.468139975
2502,160948.919602155
2503,160400.468139975
2504,161547.346259215
2505,189380.783315095
2506,243609.540294731
2507,245206.168885585
2508,243609.540294731
2509,204523.869787333
2510,230705.875152447
2511,188832.331852915
2512,188832.331852915
2513,189380.783315095
2514,232850.955205481
2515,160400.468139975
2516,160998.894797035
2517,160400.468139975
2518,160400.468139975
2519,189380.783315095
2520,189380.783315095
2521,188832.331852915
2522,189380.783315095
2523,160400.468139975
2524,160948.919602155
2525,160948.919602155
2526,160400.468139975
2527,160400.468139975
2528,160400.468139975
2529,160400.468139975
2530,160400.468139975
2531,192168.656107229
2532,189380.783315095
2533,188832.331852915
2534,230705.875152447
2535,230705.875152447
2536,189380.783315095
2537,227918.002360313
2538,188832.331852915
2539,188832.331852915
2540,161547.346259215
2541,189380.783315095
2542,160400.468139975
2543,160948.919602155
2544,160400.468139975
2545,160948.919602155
2546,160998.894797035
2547,161547.346259215
2548,161366.01316852
2549,160400.468139975
2550,266199.870844123
2551,160998.894797035
2552,160400.468139975
2553,160400.468139975
2554,160400.468139975
2555,161547.346259215
2556,160948.919602155
2557,160400.468139975
2558,161366.01316852
2559,161732.183661016
2560,161547.346259215
2561,189380.783315095
2562,161547.346259215
2563,161547.346259215
2564,189380.783315095
2565,160948.919602155
2566,160948.919602155
2567,160400.468139975
2568,164335.219051349
2569,164335.219051349
2570,161547.346259215
2571,163188.340932109
2572,227369.550898132
2573,193143.589241303
2574,232850.955205481
2575,160998.894797035
2576,160400.468139975
2577,160400.468139975
2578,160400.468139975
2579,160400.468139975
2580,160400.468139975
2581,160400.468139975
2582,160400.468139975
2583,230705.875152447
2584,161547.346259215
2585,173852.58474444
2586,189380.783315095
2587,191425.057758112
2588,188832.331852915
2589,161547.346259215
2590,192168.656107229
2591,166480.299104383
2592,191620.204645048
2593,230705.875152447
2594,188832.331852915
2595,227369.550898132
2596,245754.620347766
2597,164335.219051349
2598,190346.32834364
2599,266199.870844123
2600,178237.086127428
2601,160998.894797035
2602,160400.468139975
2603,160400.468139975
2604,160400.468139975
2605,160400.468139975
2606,160948.919602155
2607,161547.346259215
2608,163736.792394289
2609,160948.919602155
2610,160400.468139975
2611,163188.340932109
2612,160400.468139975
2613,160400.468139975
2614,160400.468139975
2615,160998.894797035
2616,161547.346259215
2617,178785.537589608
2618,161547.346259215
2619,194313.736160263
2620,161547.346259215
2621,161547.346259215
2622,161547.346259215
2623,227918.002360313
2624,206047.254383587
2625,232302.503743301
2626,161547.346259215
2627,227369.550898132
2628,262232.4630275
2629,265020.335819633
2630,262232.4630275
2631,266199.870844123
2632,262232.4630275
2633,252126.058782878
2634,266199.870844123
2635,161547.346259215
2636,189380.783315095
2637,189380.783315095
2638,190346.32834364
2639,161547.346259215
2640,160998.894797035
2641,160400.468139975
2642,162330.610318076
2643,160998.894797035
2644,160948.919602155
2645,160998.894797035
2646,160998.894797035
2647,160998.894797035
2648,161547.346259215
2649,160948.919602155
2650,188832.331852915
2651,161547.346259215
2652,266199.870844123
2653,243609.540294731
2654,206668.949840368
2655,266199.870844123
2656,262232.4630275
2657,251151.125648804
2658,228883.547388858
2659,241787.212531143
2660,243609.540294731
2661,266199.870844123
2662,266199.870844123
2663,242153.383023639
2664,251151.125648804
2665,264054.790791088
2666,251151.125648804
2667,161547.346259215
2668,188832.331852915
2669,160998.894797035
2670,241787.212531143
2671,188832.331852915
2672,189380.783315095
2673,192168.656107229
2674,192168.656107229
2675,188832.331852915
2676,189380.783315095
2677,161547.346259215
2678,202701.542023744
2679,240821.667502598
2680,241787.212531143
2681,265020.335819633
2682,241787.212531143
2683,267165.415872668
2684,241787.212531143
2685,244575.085323276
2686,227918.002360313
2687,243609.540294731
2688,230157.423690266
2689,227369.550898132
2690,266199.870844123
2691,160998.894797035
2692,160998.894797035
2693,188832.331852915
2694,160998.894797035
2695,188832.331852915
2696,188832.331852915
2697,160998.894797035
2698,160998.894797035
2699,160998.894797035
2700,160998.894797035
2701,160998.894797035
2702,160400.468139975
2703,160998.894797035
2704,160948.919602155
2705,160400.468139975
2706,160400.468139975
2707,160400.468139975
2708,160400.468139975
2709,160400.468139975
2710,160948.919602155
2711,194313.736160263
2712,244575.085323276
2713,189380.783315095
2714,188832.331852915
2715,160998.894797035
2716,188832.331852915
2717,189380.783315095
2718,230705.875152447
2719,160400.468139975
2720,188832.331852915
2721,160400.468139975
2722,160400.468139975
2723,161547.346259215
2724,160400.468139975
2725,160400.468139975
2726,160400.468139975
2727,164335.219051349
2728,164335.219051349
2729,160948.919602155
2730,160400.468139975
2731,161547.346259215
2732,160948.919602155
2733,162280.635123197
2734,163736.792394289
2735,160400.468139975
2736,160948.919602155
2737,160400.468139975
2738,163188.340932109
2739,161547.346259215
2740,160998.894797035
2741,160948.919602155
2742,161547.346259215
2743,160948.919602155
2744,161547.346259215
2745,160998.894797035
2746,160400.468139975
2747,164335.219051349
2748,160400.468139975
2749,160948.919602155
2750,160400.468139975
2751,160400.468139975
2752,207217.401302548
2753,160400.468139975
2754,174818.129772985
2755,160998.894797035
2756,160400.468139975
2757,160400.468139975
2758,160400.468139975
2759,161547.346259215
2760,160948.919602155
2761,161547.346259215
2762,160998.894797035
2763,166480.299104383
2764,191425.057758112
2765,194313.736160263
2766,160400.468139975
2767,160400.468139975
2768,163188.340932109
2769,160400.468139975
2770,188832.331852915
2771,160400.468139975
2772,160400.468139975
2773,160400.468139975
2774,160400.468139975
2775,160948.919602155
2776,160998.894797035
2777,188832.331852915
2778,189380.783315095
2779,160400.468139975
2780,160998.894797035
2781,160400.468139975
2782,160400.468139975
2783,160400.468139975
2784,160400.468139975
2785,160400.468139975
2786,160400.468139975
2787,160998.894797035
2788,160400.468139975
2789,188832.331852915
2790,160400.468139975
2791,160400.468139975
2792,160400.468139975
2793,161547.346259215
2794,160400.468139975
2795,160400.468139975
2796,160400.468139975
2797,164335.219051349
2798,160400.468139975
2799,160400.468139975
2800,160400.468139975
2801,160998.894797035
2802,160948.919602155
2803,165931.847642203
2804,163736.792394289
2805,160948.919602155
2806,160400.468139975
2807,188832.331852915
2808,160948.919602155
2809,160998.894797035
2810,160400.468139975
2811,162993.194045173
2812,161547.346259215
2813,165333.420985143
2814,165333.420985143
2815,160948.919602155
2816,194313.736160263
2817,160948.919602155
2818,160400.468139975
2819,188832.331852915
2820,160948.919602155
2821,160948.919602155
2822,174451.0114015
2823,167445.844132928
2824,163736.792394289
2825,163736.792394289
2826,160400.468139975
2827,160998.894797035
2828,162512.89128776
2829,175234.275460361
2830,201735.996995199
2831,188832.331852915
2832,166480.299104383
2833,243061.088832551
2834,188832.331852915
2835,192168.656107229
2836,188832.331852915
2837,161547.346259215
2838,160400.468139975
2839,161547.346259215
2840,190164.047373956
2841,188832.331852915
2842,189380.783315095
2843,160998.894797035
2844,173902.559939319
2845,160400.468139975
2846,188832.331852915
2847,161547.346259215
2848,227918.002360313
2849,189797.87688146
2850,241787.212531143
2851,189380.783315095
2852,202284.44845738
2853,190346.32834364
2854,160998.894797035
2855,188832.331852915
2856,188832.331852915
2857,188832.331852915
2858,188832.331852915
2859,160400.468139975
2860,160998.894797035
2861,160400.468139975
2862,189380.783315095
2863,160998.894797035
2864,190346.32834364
2865,160998.894797035
2866,188832.331852915
2867,160400.468139975
2868,160998.894797035
2869,160400.468139975
2870,162993.194045173
2871,160948.919602155
2872,160400.468139975
2873,160400.468139975
2874,160400.468139975
2875,160998.894797035
2876,189380.783315095
2877,160998.894797035
2878,189380.783315095
2879,160948.919602155
2880,160400.468139975
2881,161547.346259215
2882,160948.919602155
2883,189380.783315095
2884,202284.44845738
2885,161547.346259215
2886,161914.4646307
2887,160400.468139975
2888,160998.894797035
2889,160400.468139975
2890,160400.468139975
2891,160998.894797035
2892,160400.468139975
2893,160400.468139975
2894,160400.468139975
2895,232850.955205481
2896,230705.875152447
2897,164335.219051349
2898,163786.767589168
2899,230157.423690266
2900,160998.894797035
2901,164335.219051349
2902,160998.894797035
2903,245754.620347766
2904,266199.870844123
2905,163188.340932109
2906,201735.996995199
2907,160948.919602155
2908,160400.468139975
2909,176092.006074393
2910,160400.468139975
2911,160400.468139975
2912,160948.919602155
2913,160400.468139975
2914,160400.468139975
2915,160400.468139975
2916,160400.468139975
2917,160948.919602155
2918,160400.468139975
2919,202284.44845738
